-15.084	9.4203E-5
-15.06	8.8402E-5
-15.035	8.3322E-5
-15.011	7.9034E-5
-14.987	7.561E-5
-14.963	7.3116E-5
-14.938	7.1619E-5
-14.914	7.1189E-5
-14.89	7.1898E-5
-14.866	7.382E-5
-14.841	7.7027E-5
-14.817	8.1593E-5
-14.793	8.7586E-5
-14.769	9.5066E-5
-14.744	1.0409E-4
-14.72	1.1469E-4
-14.696	1.2691E-4
-14.672	1.4079E-4
-14.647	1.5636E-4
-14.623	1.7365E-4
-14.599	1.9272E-4
-14.575	2.1359E-4
-14.55	2.3631E-4
-14.526	2.6087E-4
-14.502	2.8726E-4
-14.478	3.1545E-4
-14.453	3.4538E-4
-14.429	3.7704E-4
-14.405	4.1039E-4
-14.381	4.4543E-4
-14.356	4.8217E-4
-14.332	5.206E-4
-14.308	5.6066E-4
-14.284	6.0226E-4
-14.259	6.4527E-4
-14.235	6.8955E-4
-14.211	7.3496E-4
-14.187	7.8139E-4
-14.162	8.288E-4
-14.138	8.7716E-4
-14.114	9.2644E-4
-14.09	9.7654E-4
-14.065	0.001
-14.041	0.0011
-14.017	0.0011
-13.993	0.0012
-13.968	0.0012
-13.944	0.0013
-13.92	0.0013
-13.896	0.0014
-13.871	0.0014
-13.847	0.0015
-13.823	0.0015
-13.799	0.0016
-13.774	0.0016
-13.75	0.0017
-13.726	0.0017
-13.702	0.0017
-13.677	0.0018
-13.653	0.0018
-13.629	0.0019
-13.605	0.0019
-13.58	0.0019
-13.556	0.0019
-13.532	0.002
-13.508	0.002
-13.483	0.002
-13.459	0.002
-13.435	0.002
-13.411	0.002
-13.386	0.002
-13.362	0.002
-13.338	0.002
-13.314	0.002
-13.289	0.002
-13.265	0.002
-13.241	0.002
-13.217	0.002
-13.192	0.0019
-13.168	0.0019
-13.144	0.0019
-13.12	0.0018
-13.095	0.0018
-13.071	0.0018
-13.047	0.0017
-13.023	0.0017
-12.998	0.0016
-12.974	0.0016
-12.95	0.0015
-12.926	0.0015
-12.901	0.0014
-12.877	0.0013
-12.853	0.0013
-12.829	0.0012
-12.804	0.0011
-12.78	0.0011
-12.756	0.001
-12.732	9.3379E-4
-12.707	8.6641E-4
-12.683	7.9943E-4
-12.659	7.3306E-4
-12.635	6.6753E-4
-12.61	6.0312E-4
-12.586	5.402E-4
-12.562	4.7914E-4
-12.538	4.2034E-4
-12.513	3.6416E-4
-12.489	3.1093E-4
-12.465	2.6094E-4
-12.441	2.1449E-4
-12.416	1.7187E-4
-12.392	1.3339E-4
-12.368	9.9384E-5
-12.344	7.0171E-5
-12.319	4.607E-5
-12.295	2.7375E-5
-12.271	1.4364E-5
-12.247	7.3035E-6
-12.222	6.4538E-6
-12.198	1.2068E-5
-12.174	2.4386E-5
-12.15	4.3627E-5
-12.125	6.999E-5
-12.101	1.0366E-4
-12.077	1.448E-4
-12.053	1.936E-4
-12.028	2.5022E-4
-12.004	3.1481E-4
-11.98	3.8748E-4
-11.956	4.6828E-4
-11.931	5.5722E-4
-11.907	6.5427E-4
-11.883	7.5942E-4
-11.859	8.7271E-4
-11.834	9.9421E-4
-11.81	0.0011
-11.786	0.0013
-11.762	0.0014
-11.737	0.0016
-11.713	0.0017
-11.689	0.0019
-11.665	0.0021
-11.64	0.0023
-11.616	0.0024
-11.592	0.0026
-11.568	0.0028
-11.543	0.0031
-11.519	0.0033
-11.495	0.0035
-11.471	0.0037
-11.446	0.004
-11.422	0.0042
-11.398	0.0044
-11.374	0.0047
-11.349	0.0049
-11.325	0.0052
-11.301	0.0054
-11.277	0.0057
-11.252	0.006
-11.228	0.0062
-11.204	0.0065
-11.18	0.0067
-11.155	0.007
-11.131	0.0073
-11.107	0.0075
-11.083	0.0078
-11.058	0.008
-11.034	0.0083
-11.01	0.0086
-10.986	0.0088
-10.961	0.009
-10.937	0.0093
-10.913	0.0095
-10.889	0.0098
-10.864	0.01
-10.84	0.0102
-10.816	0.0104
-10.792	0.0106
-10.767	0.0108
-10.743	0.011
-10.719	0.0112
-10.695	0.0114
-10.67	0.0116
-10.646	0.0117
-10.622	0.0119
-10.598	0.012
-10.573	0.0122
-10.549	0.0123
-10.525	0.0124
-10.501	0.0126
-10.476	0.0127
-10.452	0.0127
-10.428	0.0128
-10.404	0.0129
-10.379	0.013
-10.355	0.013
-10.331	0.0131
-10.307	0.0131
-10.282	0.0131
-10.258	0.0132
-10.234	0.0132
-10.209	0.0132
-10.185	0.0132
-10.161	0.0131
-10.137	0.0131
-10.112	0.0131
-10.088	0.013
-10.064	0.013
-10.04	0.0129
-10.015	0.0128
-9.9912	0.0128
-9.967	0.0127
-9.9427	0.0126
-9.9185	0.0125
-9.8942	0.0124
-9.87	0.0123
-9.8457	0.0122
-9.8215	0.012
-9.7972	0.0119
-9.773	0.0118
-9.7487	0.0116
-9.7245	0.0115
-9.7002	0.0113
-9.676	0.0112
-9.6517	0.011
-9.6275	0.0109
-9.6032	0.0107
-9.579	0.0105
-9.5547	0.0103
-9.5305	0.0102
-9.5062	0.01
-9.482	0.0098
-9.4577	0.0096
-9.4335	0.0095
-9.4092	0.0093
-9.385	0.0091
-9.3607	0.0089
-9.3365	0.0087
-9.3122	0.0085
-9.288	0.0084
-9.2637	0.0082
-9.2395	0.008
-9.2152	0.0078
-9.191	0.0076
-9.1667	0.0075
-9.1425	0.0073
-9.1182	0.0071
-9.094	0.0069
-9.0697	0.0067
-9.0455	0.0066
-9.0212	0.0064
-8.997	0.0062
-8.9727	0.0061
-8.9485	0.0059
-8.9242	0.0057
-8.9	0.0056
-8.8757	0.0054
-8.8515	0.0052
-8.8272	0.0051
-8.803	0.0049
-8.7787	0.0048
-8.7545	0.0046
-8.7302	0.0045
-8.706	0.0043
-8.6817	0.0042
-8.6575	0.0041
-8.6332	0.0039
-8.609	0.0038
-8.5847	0.0037
-8.5605	0.0035
-8.5362	0.0034
-8.512	0.0033
-8.4877	0.0032
-8.4635	0.0031
-8.4392	0.0029
-8.415	0.0028
-8.3907	0.0027
-8.3665	0.0026
-8.3422	0.0025
-8.318	0.0024
-8.2937	0.0023
-8.2695	0.0022
-8.2452	0.0021
-8.2209	0.002
-8.1967	0.0019
-8.1724	0.0018
-8.1482	0.0018
-8.1239	0.0017
-8.0997	0.0016
-8.0754	0.0015
-8.0512	0.0014
-8.0269	0.0014
-8.0027	0.0013
-7.9784	0.0012
-7.9542	0.0011
-7.9299	0.0011
-7.9057	0.001
-7.8814	9.5075E-4
-7.8572	8.9117E-4
-7.8329	8.3357E-4
-7.8087	7.7781E-4
-7.7844	7.2381E-4
-7.7602	6.7162E-4
-7.7359	6.2137E-4
-7.7117	5.7317E-4
-7.6874	5.271E-4
-7.6632	4.8315E-4
-7.6389	4.4124E-4
-7.6147	4.0127E-4
-7.5904	3.6314E-4
-7.5662	3.2679E-4
-7.5419	2.9226E-4
-7.5177	2.5959E-4
-7.4934	2.2885E-4
-7.4692	2.0007E-4
-7.4449	1.7326E-4
-7.4207	1.484E-4
-7.3964	1.2546E-4
-7.3722	1.044E-4
-7.3479	8.5224E-5
-7.3237	6.7954E-5
-7.2994	5.2624E-5
-7.2752	3.927E-5
-7.2509	2.7923E-5
-7.2267	1.8602E-5
-7.2024	1.133E-5
-7.1782	6.1293E-6
-7.1539	3.0365E-6
-7.1297	2.0945E-6
-7.1054	3.351E-6
-7.0812	6.8543E-6
-7.0569	1.2654E-5
-7.0327	2.0807E-5
-7.0084	3.1382E-5
-6.9842	4.4458E-5
-6.9599	6.0123E-5
-6.9357	7.846E-5
-6.9114	9.9541E-5
-6.8872	1.2343E-4
-6.8629	1.5017E-4
-6.8387	1.7987E-4
-6.8144	2.1263E-4
-6.7902	2.4861E-4
-6.7659	2.88E-4
-6.7417	3.3097E-4
-6.7174	3.7762E-4
-6.6932	4.28E-4
-6.6689	4.8214E-4
-6.6447	5.4002E-4
-6.6204	6.0173E-4
-6.5962	6.6745E-4
-6.5719	7.3749E-4
-6.5477	8.1218E-4
-6.5234	8.9179E-4
-6.4992	9.7647E-4
-6.4749	0.0011
-6.4507	0.0012
-6.4264	0.0013
-6.4022	0.0014
-6.3779	0.0015
-6.3537	0.0016
-6.3294	0.0017
-6.3052	0.0018
-6.2809	0.002
-6.2567	0.0021
-6.2324	0.0022
-6.2082	0.0024
-6.1839	0.0025
-6.1596	0.0027
-6.1354	0.0029
-6.1111	0.003
-6.0869	0.0032
-6.0626	0.0034
-6.0384	0.0036
-6.0141	0.0038
-5.9899	0.004
-5.9656	0.0042
-5.9414	0.0044
-5.9171	0.0046
-5.8929	0.0048
-5.8686	0.005
-5.8444	0.0053
-5.8201	0.0055
-5.7959	0.0057
-5.7716	0.006
-5.7474	0.0062
-5.7231	0.0064
-5.6989	0.0067
-5.6746	0.0069
-5.6504	0.0071
-5.6261	0.0074
-5.6019	0.0076
-5.5776	0.0079
-5.5534	0.0081
-5.5291	0.0083
-5.5049	0.0086
-5.4806	0.0088
-5.4564	0.009
-5.4321	0.0092
-5.4079	0.0094
-5.3836	0.0096
-5.3594	0.0098
-5.3351	0.01
-5.3109	0.0102
-5.2866	0.0103
-5.2624	0.0105
-5.2381	0.0106
-5.2139	0.0107
-5.1896	0.0109
-5.1654	0.011
-5.1411	0.0111
-5.1169	0.0111
-5.0926	0.0112
-5.0684	0.0112
-5.0441	0.0112
-5.0199	0.0112
-4.9956	0.0112
-4.9714	0.0112
-4.9471	0.0111
-4.9229	0.0111
-4.8986	0.011
-4.8744	0.0109
-4.8501	0.0107
-4.8259	0.0106
-4.8016	0.0104
-4.7774	0.0102
-4.7531	0.01
-4.7289	0.0097
-4.7046	0.0095
-4.6804	0.0092
-4.6561	0.0089
-4.6319	0.0086
-4.6076	0.0083
-4.5834	0.008
-4.5591	0.0076
-4.5349	0.0072
-4.5106	0.0069
-4.4864	0.0065
-4.4621	0.0061
-4.4379	0.0057
-4.4136	0.0053
-4.3894	0.0049
-4.3651	0.0045
-4.3409	0.0041
-4.3166	0.0037
-4.2924	0.0033
-4.2681	0.003
-4.2439	0.0026
-4.2196	0.0023
-4.1954	0.0019
-4.1711	0.0016
-4.1469	0.0013
-4.1226	0.0011
-4.0983	8.4859E-4
-4.0741	6.6106E-4
-4.0498	5.1241E-4
-4.0256	4.0566E-4
-4.0013	3.4429E-4
-3.9771	3.3205E-4
-3.9528	3.7274E-4
-3.9286	4.7002E-4
-3.9043	6.2766E-4
-3.8801	8.499E-4
-3.8558	0.0011
-3.8316	0.0015
-3.8073	0.002
-3.7831	0.0025
-3.7588	0.0031
-3.7346	0.0038
-3.7103	0.0046
-3.6861	0.0054
-3.6618	0.0064
-3.6376	0.0075
-3.6133	0.0087
-3.5891	0.01
-3.5648	0.0114
-3.5406	0.013
-3.5163	0.0146
-3.4921	0.0163
-3.4678	0.0182
-3.4436	0.0202
-3.4193	0.0224
-3.3951	0.0247
-3.3708	0.0272
-3.3466	0.0298
-3.3223	0.0325
-3.2981	0.0353
-3.2738	0.0382
-3.2496	0.0412
-3.2253	0.0445
-3.2011	0.048
-3.1768	0.0517
-3.1526	0.0556
-3.1283	0.0595
-3.1041	0.0635
-3.0798	0.0674
-3.0556	0.0715
-3.0313	0.0758
-3.0071	0.0804
-2.9828	0.0854
-2.9586	0.0907
-2.9343	0.0959
-2.9101	0.101
-2.8858	0.1059
-2.8616	0.1108
-2.8373	0.1159
-2.8131	0.1216
-2.7888	0.1277
-2.7646	0.1342
-2.7403	0.1407
-2.7161	0.1467
-2.6918	0.1523
-2.6676	0.1577
-2.6433	0.1632
-2.6191	0.1695
-2.5948	0.1765
-2.5706	0.184
-2.5463	0.1913
-2.5221	0.1978
-2.4978	0.2034
-2.4736	0.2084
-2.4493	0.2138
-2.4251	0.2204
-2.4008	0.2285
-2.3766	0.2374
-2.3523	0.2455
-2.3281	0.2513
-2.3038	0.2545
-2.2796	0.2569
-2.2553	0.2615
-2.2311	0.2704
-2.2068	0.2823
-2.1826	0.2922
-2.1583	0.2958
-2.1341	0.2962
-2.1098	0.303
-2.0856	0.3215
-2.0613	0.3309
-2.037	0.2177
-2.0128	0.3892
-1.9885	0.3516
-1.9643	0.1984
-1.94	0.6568
-1.9158	0.4584
-1.8915	0.1359
-1.8673	0.0729
-1.843	0.2232
-1.8188	0.5867
-1.7945	0.5421
-1.7703	0.2771
-1.746	0.4085
-1.7218	0.7224
-1.6975	0.8506
-1.6733	0.6462
-1.649	0.3452
-1.6248	0.1499
-1.6005	0.0554
-1.5763	0.0199
-1.552	0.0128
-1.5278	0.0112
-1.5035	0.0086
-1.4793	0.0071
-1.455	0.0065
-1.4308	0.0061
-1.4065	0.0059
-1.3823	0.006
-1.358	0.0062
-1.3338	0.0068
-1.3095	0.0079
-1.2853	0.0099
-1.261	0.0141
-1.2368	0.0241
-1.2125	0.0609
-1.1883	0.9166
-1.164	3.8505
-1.1398	3.6689
-1.1155	0.4305
-1.0913	0.2905
-1.067	0.2885
-1.0428	0.2965
-1.0185	0.0875
-0.9943	0.0862
-0.97	0.0876
-0.9458	0.1157
-0.9215	0.0228
-0.8973	0.0177
-0.873	0.018
-0.8488	0.0156
-0.8245	0.0103
-0.8003	0.0062
-0.776	0.0046
-0.7518	0.0059
-0.7275	0.1827
-0.7033	0.0035
-0.679	0.0019
-0.6548	0.021
-0.6305	0.0013
-0.6063	0.0015
-0.582	0.0013
-0.5578	7.4255E-4
-0.5335	7.5938E-4
-0.5093	5.5656E-4
-0.485	3.254E-4
-0.4608	0.0018
-0.4365	1.8083E-4
-0.4123	2.2646E-4
-0.388	2.6367E-4
-0.3638	7.9884E-5
-0.3395	7.1972E-5
-0.3153	0.0066
-0.291	4.1528E-5
-0.2668	1.9747E-5
-0.2425	1.5555E-5
-0.2183	3.4399E-5
-0.194	0.002
-0.1698	2.8171E-5
-0.1455	1.2619E-5
-0.1213	1.2654E-5
-0.097	1.6455E-5
-0.0728	2.2276E-5
-0.0485	2.9523E-5
-0.0243	3.7845E-5
0	4.7013E-5
0.0243	5.6939E-5
0.0485	6.7662E-5
0.0728	7.9289E-5
0.097	9.1974E-5
0.1213	1.0608E-4
0.1455	1.2317E-4
0.1698	1.5539E-4
0.194	0.0024
0.2183	2.0004E-4
0.2425	1.8934E-4
0.2668	2.0536E-4
0.291	2.4792E-4
0.3153	0.0117
0.3395	2.9353E-4
0.3638	2.9702E-4
0.388	5.6542E-4
0.4123	4.7497E-4
0.4365	3.8763E-4
0.4608	0.0022
0.485	4.9713E-4
0.5093	6.8918E-4
0.5335	8.1641E-4
0.5578	7.4591E-4
0.582	0.0011
0.6063	0.0011
0.6305	9.7175E-4
0.6548	0.0119
0.679	0.0011
0.7033	0.0018
0.7275	0.0793
0.7518	0.0025
0.776	0.0019
0.8003	0.0023
0.8245	0.0034
0.8488	0.0047
0.873	0.005
0.8973	0.0046
0.9215	0.0054
0.9458	0.0246
0.97	0.0173
0.9943	0.0158
1.0185	0.0148
1.0428	0.0459
1.067	0.0414
1.0913	0.0389
1.1155	0.056
1.1398	0.4302
1.164	0.4426
1.1883	0.0989
1.2125	0.0058
1.2368	0.002
1.261	0.001
1.2853	6.3838E-4
1.3095	4.4549E-4
1.3338	3.3699E-4
1.358	2.7047E-4
1.3823	2.272E-4
1.4065	1.98E-4
1.4308	1.7815E-4
1.455	1.6532E-4
1.4793	1.5889E-4
1.5035	1.6716E-4
1.5278	1.9523E-4
1.552	1.9967E-4
1.5763	3.5341E-4
1.6005	9.6513E-4
1.6248	0.0024
1.649	0.005
1.6733	0.0085
1.6975	0.0101
1.7218	0.0078
1.746	0.0042
1.7703	0.0049
1.7945	0.0114
1.8188	0.0104
1.843	0.0036
1.8673	0.0018
1.8915	0.0056
1.9158	0.0175
1.94	0.0203
1.9643	0.007
1.9885	0.0192
2.0128	0.0165
2.037	0.0132
2.0613	0.0206
2.0856	0.0213
2.1098	0.0219
2.1341	0.0235
2.1583	0.0256
2.1826	0.0273
2.2068	0.0284
2.2311	0.0293
2.2553	0.0306
2.2796	0.0322
2.3038	0.0342
2.3281	0.036
2.3523	0.0375
2.3766	0.0385
2.4008	0.0394
2.4251	0.0404
2.4493	0.0415
2.4736	0.0428
2.4978	0.0442
2.5221	0.0453
2.5463	0.0462
2.5706	0.0468
2.5948	0.0472
2.6191	0.0477
2.6433	0.0482
2.6676	0.0489
2.6918	0.0495
2.7161	0.05
2.7403	0.0502
2.7646	0.0501
2.7888	0.0498
2.8131	0.0496
2.8373	0.0494
2.8616	0.0493
2.8858	0.0492
2.9101	0.049
2.9343	0.0485
2.9586	0.0477
2.9828	0.0469
3.0071	0.046
3.0313	0.0451
3.0556	0.0443
3.0798	0.0435
3.1041	0.0427
3.1283	0.0417
3.1526	0.0405
3.1768	0.0392
3.2011	0.0378
3.2253	0.0365
3.2496	0.0352
3.2738	0.034
3.2981	0.0327
3.3223	0.0314
3.3466	0.03
3.3708	0.0285
3.3951	0.027
3.4193	0.0255
3.4436	0.024
3.4678	0.0226
3.4921	0.0212
3.5163	0.0198
3.5406	0.0185
3.5648	0.0171
3.5891	0.0157
3.6133	0.0143
3.6376	0.013
3.6618	0.0118
3.6861	0.0106
3.7103	0.0095
3.7346	0.0084
3.7588	0.0073
3.7831	0.0063
3.8073	0.0054
3.8316	0.0045
3.8558	0.0037
3.8801	0.003
3.9043	0.0024
3.9286	0.0018
3.9528	0.0013
3.9771	8.837E-4
4.0013	5.4744E-4
4.0256	2.9417E-4
4.0498	1.2558E-4
4.0741	4.2388E-5
4.0983	4.4833E-5
4.1226	1.3332E-4
4.1469	3.0843E-4
4.1711	5.7044E-4
4.1954	9.1872E-4
4.2196	0.0014
4.2439	0.0019
4.2681	0.0025
4.2924	0.0031
4.3166	0.0039
4.3409	0.0047
4.3651	0.0057
4.3894	0.0067
4.4136	0.0077
4.4379	0.0089
4.4621	0.0101
4.4864	0.0113
4.5106	0.0126
4.5349	0.014
4.5591	0.0155
4.5834	0.017
4.6076	0.0185
4.6319	0.0201
4.6561	0.0217
4.6804	0.0233
4.7046	0.025
4.7289	0.0267
4.7531	0.0284
4.7774	0.0301
4.8016	0.0319
4.8259	0.0337
4.8501	0.0355
4.8744	0.0373
4.8986	0.0391
4.9229	0.0408
4.9471	0.0425
4.9714	0.0442
4.9956	0.0459
5.0199	0.0477
5.0441	0.0494
5.0684	0.0511
5.0926	0.0527
5.1169	0.0543
5.1411	0.0557
5.1654	0.0572
5.1896	0.0586
5.2139	0.06
5.2381	0.0613
5.2624	0.0627
5.2866	0.064
5.3109	0.0651
5.3351	0.0662
5.3594	0.0672
5.3836	0.0681
5.4079	0.069
5.4321	0.0698
5.4564	0.0707
5.4806	0.0714
5.5049	0.0721
5.5291	0.0727
5.5534	0.0732
5.5776	0.0736
5.6019	0.0739
5.6261	0.0741
5.6504	0.0743
5.6746	0.0745
5.6989	0.0746
5.7231	0.0747
5.7474	0.0746
5.7716	0.0745
5.7959	0.0742
5.8201	0.0739
5.8444	0.0735
5.8686	0.0731
5.8929	0.0726
5.9171	0.0722
5.9414	0.0716
5.9656	0.071
5.9899	0.0703
6.0141	0.0696
6.0384	0.0687
6.0626	0.0678
6.0869	0.0669
6.1111	0.066
6.1354	0.065
6.1596	0.0641
6.1839	0.0631
6.2082	0.062
6.2324	0.0609
6.2567	0.0597
6.2809	0.0585
6.3052	0.0572
6.3294	0.056
6.3537	0.0548
6.3779	0.0536
6.4022	0.0524
6.4264	0.0511
6.4507	0.0498
6.4749	0.0485
6.4992	0.0471
6.5234	0.0458
6.5477	0.0445
6.5719	0.0432
6.5962	0.0419
6.6204	0.0407
6.6447	0.0394
6.6689	0.0381
6.6932	0.0368
6.7174	0.0356
6.7417	0.0343
6.7659	0.0331
6.7902	0.0319
6.8144	0.0307
6.8387	0.0296
6.8629	0.0284
6.8872	0.0273
6.9114	0.0262
6.9357	0.0251
6.9599	0.0241
6.9842	0.023
7.0084	0.022
7.0327	0.0211
7.0569	0.0201
7.0812	0.0192
7.1054	0.0183
7.1297	0.0175
7.1539	0.0167
7.1782	0.0158
7.2024	0.0151
7.2267	0.0143
7.2509	0.0136
7.2752	0.0129
7.2994	0.0123
7.3237	0.0116
7.3479	0.011
7.3722	0.0105
7.3964	0.0099
7.4207	0.0094
7.4449	0.0089
7.4692	0.0084
7.4934	0.008
7.5177	0.0075
7.5419	0.0071
7.5662	0.0067
7.5904	0.0064
7.6147	0.006
7.6389	0.0057
7.6632	0.0054
7.6874	0.0051
7.7117	0.0048
7.7359	0.0046
7.7602	0.0044
7.7844	0.0041
7.8087	0.0039
7.8329	0.0037
7.8572	0.0036
7.8814	0.0034
7.9057	0.0032
7.9299	0.0031
7.9542	0.003
7.9784	0.0028
8.0027	0.0027
8.0269	0.0026
8.0512	0.0025
8.0754	0.0024
8.0997	0.0023
8.1239	0.0022
8.1482	0.0021
8.1724	0.0021
8.1967	0.002
8.2209	0.0019
8.2452	0.0019
8.2695	0.0018
8.2937	0.0018
8.318	0.0017
8.3422	0.0017
8.3665	0.0016
8.3907	0.0016
8.415	0.0015
8.4392	0.0015
8.4635	0.0014
8.4877	0.0014
8.512	0.0013
8.5362	0.0013
8.5605	0.0012
8.5847	0.0012
8.609	0.0012
8.6332	0.0011
8.6575	0.0011
8.6817	0.001
8.706	9.9943E-4
8.7302	9.5963E-4
8.7545	9.1992E-4
8.7787	8.8049E-4
8.803	8.4152E-4
8.8272	8.0317E-4
8.8515	7.6551E-4
8.8757	7.2853E-4
8.9	6.9217E-4
8.9242	6.5639E-4
8.9485	6.212E-4
8.9727	5.8669E-4
8.997	5.5301E-4
9.0212	5.2034E-4
9.0455	4.8882E-4
9.0697	4.5857E-4
9.094	4.2965E-4
9.1182	4.0206E-4
9.1425	3.7582E-4
9.1667	3.5094E-4
9.191	3.2749E-4
9.2152	3.0557E-4
9.2395	2.8528E-4
9.2637	2.6673E-4
9.288	2.4999E-4
9.3122	2.3511E-4
9.3365	2.2211E-4
9.3607	2.1099E-4
9.385	2.0176E-4
9.4092	1.9442E-4
9.4335	1.89E-4
9.4577	1.8553E-4
9.482	1.8406E-4
9.5062	1.846E-4
9.5305	1.8717E-4
9.5547	1.9176E-4
9.579	1.9834E-4
9.6032	2.0687E-4
9.6275	2.1729E-4
9.6517	2.2956E-4
9.676	2.4365E-4
9.7002	2.5954E-4
9.7245	2.7723E-4
9.7487	2.967E-4
9.773	3.1792E-4
9.7972	3.4083E-4
9.8215	3.6533E-4
9.8457	3.9131E-4
9.87	4.1865E-4
9.8942	4.4727E-4
9.9185	4.7711E-4
9.9427	5.0816E-4
9.967	5.4041E-4
9.9912	5.7384E-4
10.015	6.0837E-4
10.04	6.4386E-4
10.064	6.8015E-4
10.088	7.1705E-4
10.112	7.5443E-4
10.137	7.9219E-4
10.161	8.3035E-4
10.185	8.689E-4
10.209	9.0788E-4
10.234	9.4721E-4
10.258	9.8676E-4
10.282	0.001
10.307	0.0011
10.331	0.0011
10.355	0.0011
10.379	0.0012
10.404	0.0012
10.428	0.0013
10.452	0.0013
10.476	0.0013
10.501	0.0014
10.525	0.0014
10.549	0.0014
10.573	0.0015
10.598	0.0015
10.622	0.0015
10.646	0.0015
10.67	0.0016
10.695	0.0016
10.719	0.0016
10.743	0.0016
10.767	0.0017
10.792	0.0017
10.816	0.0017
10.84	0.0017
10.864	0.0017
10.889	0.0017
10.913	0.0017
10.937	0.0017
10.961	0.0017
10.986	0.0017
11.01	0.0017
11.034	0.0017
11.058	0.0017
11.083	0.0017
11.107	0.0017
11.131	0.0017
11.155	0.0017
11.18	0.0017
11.204	0.0017
11.228	0.0016
11.252	0.0016
11.277	0.0016
11.301	0.0015
11.325	0.0015
11.349	0.0015
11.374	0.0014
11.398	0.0014
11.422	0.0014
11.446	0.0013
11.471	0.0013
11.495	0.0012
11.519	0.0012
11.543	0.0012
11.568	0.0011
11.592	0.0011
11.616	0.001
11.64	9.5873E-4
11.665	9.0797E-4
11.689	8.5667E-4
11.713	8.0496E-4
11.737	7.5306E-4
11.762	7.0125E-4
11.786	6.498E-4
11.81	5.9896E-4
11.834	5.4895E-4
11.859	4.9991E-4
11.883	4.52E-4
11.907	4.0537E-4
11.931	3.6021E-4
11.956	3.1676E-4
11.98	2.7527E-4
12.004	2.3601E-4
12.028	1.9921E-4
12.053	1.6511E-4
12.077	1.339E-4
12.101	1.058E-4
12.125	8.0988E-5
12.15	5.9691E-5
12.174	4.2128E-5
12.198	2.8514E-5
12.222	1.9062E-5
12.247	1.3971E-5
12.271	1.3432E-5
12.295	1.7631E-5
12.319	2.6749E-5
12.344	4.0961E-5
12.368	6.043E-5
12.392	8.53E-5
12.416	1.157E-4
12.441	1.5176E-4
12.465	1.9359E-4
12.489	2.4132E-4
12.513	2.9509E-4
12.538	3.5501E-4
12.562	4.2114E-4
12.586	4.9352E-4
12.61	5.7212E-4
12.635	6.5692E-4
12.659	7.4788E-4
12.683	8.4504E-4
12.707	9.4843E-4
12.732	0.0011
12.756	0.0012
12.78	0.0013
12.804	0.0014
12.829	0.0016
12.853	0.0017
12.877	0.0018
12.901	0.002
12.926	0.0022
12.95	0.0023
12.974	0.0025
12.998	0.0026
13.023	0.0028
13.047	0.003
13.071	0.0032
13.095	0.0034
13.12	0.0036
13.144	0.0038
13.168	0.004
13.192	0.0042
13.217	0.0044
13.241	0.0046
13.265	0.0048
13.289	0.005
13.314	0.0052
13.338	0.0054
13.362	0.0056
13.386	0.0058
13.411	0.006
13.435	0.0062
13.459	0.0064
13.483	0.0066
13.508	0.0068
13.532	0.007
13.556	0.0072
13.58	0.0074
13.605	0.0076
13.629	0.0077
13.653	0.0079
13.677	0.0081
13.702	0.0082
13.726	0.0084
13.75	0.0086
13.774	0.0087
13.799	0.0088
13.823	0.009
13.847	0.0091
13.871	0.0092
13.896	0.0093
13.92	0.0094
13.944	0.0095
13.968	0.0096
13.993	0.0097
14.017	0.0098
14.041	0.0098
14.065	0.0099
14.09	0.0099
14.114	0.0099
14.138	0.01
14.162	0.01
14.187	0.01
14.211	0.01
14.235	0.01
14.259	0.0099
14.284	0.0099
14.308	0.0099
14.332	0.0098
14.356	0.0097
14.381	0.0097
14.405	0.0096
14.429	0.0095
14.453	0.0094
14.478	0.0093
14.502	0.0092
14.526	0.0091
14.55	0.009
14.575	0.0088
14.599	0.0087
14.623	0.0086
14.647	0.0084
14.672	0.0083
14.696	0.0081
14.72	0.0079
14.744	0.0078
14.769	0.0076
14.793	0.0074
14.817	0.0072
14.841	0.0071
14.866	0.0069
14.89	0.0067
14.914	0.0065
14.938	0.0063
14.963	0.0061
14.987	0.0059
15.011	0.0057