-15.0840000000 0.0061183000
-15.0600000000 0.0063123000
-15.0350000000 0.0065041000
-15.0110000000 0.0066933000
-14.9870000000 0.0068797000
-14.9630000000 0.0070637000
-14.9380000000 0.0072455000
-14.9140000000 0.0074252000
-14.8900000000 0.0076026000
-14.8660000000 0.0077768000
-14.8410000000 0.0079467000
-14.8170000000 0.0081112000
-14.7930000000 0.0082695000
-14.7690000000 0.0084215000
-14.7440000000 0.0085673000
-14.7200000000 0.0087075000
-14.6960000000 0.0088427000
-14.6720000000 0.0089727000
-14.6470000000 0.0090971000
-14.6230000000 0.0092148000
-14.5990000000 0.0093244000
-14.5750000000 0.0094252000
-14.5500000000 0.0095167000
-14.5260000000 0.0095991000
-14.5020000000 0.0096732000
-14.4780000000 0.0097397000
-14.4530000000 0.0097992000
-14.4290000000 0.0098514000
-14.4050000000 0.0098956000
-14.3810000000 0.0099306000
-14.3560000000 0.0099554000
-14.3320000000 0.0099695000
-14.3080000000 0.0099729000
-14.2840000000 0.0099666000
-14.2590000000 0.0099516000
-14.2350000000 0.0099286000
-14.2110000000 0.0098981000
-14.1870000000 0.0098596000
-14.1620000000 0.0098124000
-14.1380000000 0.0097555000
-14.1140000000 0.0096883000
-14.0900000000 0.0096108000
-14.0650000000 0.0095238000
-14.0410000000 0.0094283000
-14.0170000000 0.0093255000
-13.9930000000 0.0092163000
-13.9680000000 0.0091006000
-13.9440000000 0.0089781000
-13.9200000000 0.0088481000
-13.8960000000 0.0087099000
-13.8710000000 0.0085637000
-13.8470000000 0.0084098000
-13.8230000000 0.0082493000
-13.7990000000 0.0080835000
-13.7740000000 0.0079134000
-13.7500000000 0.0077396000
-13.7260000000 0.0075619000
-13.7020000000 0.0073800000
-13.6770000000 0.0071935000
-13.6530000000 0.0070022000
-13.6290000000 0.0068066000
-13.6050000000 0.0066075000
-13.5800000000 0.0064059000
-13.5560000000 0.0062030000
-13.5320000000 0.0059995000
-13.5080000000 0.0057956000
-13.4830000000 0.0055912000
-13.4590000000 0.0053861000
-13.4350000000 0.0051802000
-13.4110000000 0.0049737000
-13.3860000000 0.0047673000
-13.3620000000 0.0045616000
-13.3380000000 0.0043576000
-13.3140000000 0.0041561000
-13.2890000000 0.0039574000
-13.2650000000 0.0037616000
-13.2410000000 0.0035686000
-13.2170000000 0.0033783000
-13.1920000000 0.0031909000
-13.1680000000 0.0030067000
-13.1440000000 0.0028261000
-13.1200000000 0.0026499000
-13.0950000000 0.0024784000
-13.0710000000 0.0023121000
-13.0470000000 0.0021511000
-13.0230000000 0.0019953000
-12.9980000000 0.0018448000
-12.9740000000 0.0016995000
-12.9500000000 0.0015595000
-12.9260000000 0.0014251000
-12.9010000000 0.0012966000
-12.8770000000 0.0011742000
-12.8530000000 0.0010581000
-12.8290000000 0.0009484300
-12.8040000000 0.0008450400
-12.7800000000 0.0007478800
-12.7560000000 0.0006569200
-12.7320000000 0.0005721200
-12.7070000000 0.0004935200
-12.6830000000 0.0004211400
-12.6590000000 0.0003550100
-12.6350000000 0.0002950900
-12.6100000000 0.0002413200
-12.5860000000 0.0001935900
-12.5620000000 0.0001517600
-12.5380000000 0.0001157000
-12.5130000000 0.0000853000
-12.4890000000 0.0000604300
-12.4650000000 0.0000409610
-12.4410000000 0.0000267490
-12.4160000000 0.0000176310
-12.3920000000 0.0000134320
-12.3680000000 0.0000139710
-12.3440000000 0.0000190620
-12.3190000000 0.0000285140
-12.2950000000 0.0000421280
-12.2710000000 0.0000596910
-12.1980000000 0.0001339000
-12.1740000000 0.0001651100
-12.1500000000 0.0001992100
-12.1250000000 0.0002360100
-12.1010000000 0.0002752700
-12.0770000000 0.0003167600
-12.0530000000 0.0003602100
-12.0280000000 0.0004053700
-12.0040000000 0.0004520000
-11.9800000000 0.0004999100
-11.9560000000 0.0005489500
-11.9310000000 0.0005989600
-11.9070000000 0.0006498000
-11.8830000000 0.0007012500
-11.8590000000 0.0007530600
-11.8340000000 0.0008049600
-11.8100000000 0.0008566700
-11.7860000000 0.0009079700
-11.7620000000 0.0009587300
-11.7370000000 0.0010089000
-11.7130000000 0.0010584000
-11.6890000000 0.0011071000
-11.6650000000 0.0011551000
-11.6400000000 0.0012020000
-11.6160000000 0.0012476000
-11.5920000000 0.0012916000
-11.5680000000 0.0013338000
-11.5430000000 0.0013742000
-11.5190000000 0.0014127000
-11.4950000000 0.0014494000
-11.4710000000 0.0014844000
-11.4460000000 0.0015177000
-11.4220000000 0.0015491000
-11.3980000000 0.0015785000
-11.3740000000 0.0016056000
-11.3490000000 0.0016302000
-11.3250000000 0.0016522000
-11.3010000000 0.0016717000
-11.2770000000 0.0016889000
-11.2520000000 0.0017040000
-11.2280000000 0.0017170000
-11.2040000000 0.0017280000
-11.1800000000 0.0017368000
-11.1550000000 0.0017432000
-11.1310000000 0.0017470000
-11.1070000000 0.0017482000
-11.0830000000 0.0017469000
-11.0580000000 0.0017432000
-11.0340000000 0.0017374000
-11.0100000000 0.0017297000
-10.9860000000 0.0017202000
-10.9610000000 0.0017089000
-10.9370000000 0.0016956000
-10.9130000000 0.0016802000
-10.8890000000 0.0016626000
-10.8640000000 0.0016428000
-10.8400000000 0.0016210000
-10.8160000000 0.0015976000
-10.7920000000 0.0015727000
-10.7670000000 0.0015466000
-10.7430000000 0.0015194000
-10.7190000000 0.0014908000
-10.6950000000 0.0014609000
-10.6700000000 0.0014294000
-10.6460000000 0.0013966000
-10.6220000000 0.0013625000
-10.5980000000 0.0013273000
-10.5730000000 0.0012914000
-10.5490000000 0.0012549000
-10.5250000000 0.0012181000
-10.5010000000 0.0011807000
-10.4760000000 0.0011429000
-10.4520000000 0.0011046000
-10.4280000000 0.0010657000
-10.4040000000 0.0010263000
-10.3790000000 0.0009867600
-10.3550000000 0.0009472100
-10.3310000000 0.0009078800
-10.3070000000 0.0008689000
-10.2820000000 0.0008303500
-10.2580000000 0.0007921900
-10.2340000000 0.0007544300
-10.2090000000 0.0007170500
-10.1850000000 0.0006801500
-10.1610000000 0.0006438600
-10.1370000000 0.0006083700
-10.1120000000 0.0005738400
-10.0880000000 0.0005404100
-10.0640000000 0.0005081600
-10.0400000000 0.0004771100
-10.0150000000 0.0004472700
-9.9912000000 0.0004186500
-9.9670000000 0.0003913100
-9.9427000000 0.0003653300
-9.9185000000 0.0003408300
-9.8942000000 0.0003179200
-9.8700000000 0.0002967000
-9.8457000000 0.0002772300
-9.8215000000 0.0002595400
-9.7972000000 0.0002436500
-9.7730000000 0.0002295600
-9.7487000000 0.0002172900
-9.7245000000 0.0002068700
-9.7002000000 0.0001983400
-9.6760000000 0.0001917600
-9.6517000000 0.0001871700
-9.6275000000 0.0001846000
-9.6032000000 0.0001840600
-9.5790000000 0.0001855300
-9.5547000000 0.0001890000
-9.5305000000 0.0001944200
-9.5062000000 0.0002017600
-9.4820000000 0.0002109900
-9.4577000000 0.0002221100
-9.4335000000 0.0002351100
-9.4092000000 0.0002499900
-9.3850000000 0.0002667300
-9.3607000000 0.0002852800
-9.3365000000 0.0003055700
-9.3122000000 0.0003274900
-9.2880000000 0.0003509400
-9.2637000000 0.0003758200
-9.2395000000 0.0004020600
-9.2152000000 0.0004296500
-9.1910000000 0.0004585700
-9.1667000000 0.0004888200
-9.1425000000 0.0005203400
-9.1182000000 0.0005530100
-9.0940000000 0.0005866900
-9.0697000000 0.0006212000
-9.0455000000 0.0006563900
-9.0212000000 0.0006921700
-8.9970000000 0.0007285300
-8.9727000000 0.0007655100
-8.9485000000 0.0008031700
-8.9242000000 0.0008415200
-8.9000000000 0.0008804900
-8.8757000000 0.0009199200
-8.8515000000 0.0009596300
-8.8272000000 0.0009994300
-8.8030000000 0.0010393000
-8.7787000000 0.0010792000
-8.7545000000 0.0011193000
-8.7302000000 0.0011599000
-8.7060000000 0.0012011000
-8.6817000000 0.0012430000
-8.6575000000 0.0012856000
-8.6332000000 0.0013286000
-8.6090000000 0.0013721000
-8.5847000000 0.0014159000
-8.5605000000 0.0014602000
-8.5362000000 0.0015054000
-8.5120000000 0.0015518000
-8.4877000000 0.0016001000
-8.4635000000 0.0016504000
-8.4392000000 0.0017030000
-8.4150000000 0.0017578000
-8.3907000000 0.0018149000
-8.3665000000 0.0018743000
-8.3422000000 0.0019363000
-8.3180000000 0.0020014000
-8.2937000000 0.0020704000
-8.2695000000 0.0021440000
-8.2452000000 0.0022230000
-8.2209000000 0.0023079000
-8.1967000000 0.0023989000
-8.1724000000 0.0024961000
-8.1482000000 0.0025996000
-8.1239000000 0.0027097000
-8.0997000000 0.0028272000
-8.0754000000 0.0029529000
-8.0512000000 0.0030882000
-8.0269000000 0.0032343000
-8.0027000000 0.0033919000
-7.9784000000 0.0035617000
-7.9542000000 0.0037438000
-7.9299000000 0.0039381000
-7.9057000000 0.0041448000
-7.8814000000 0.0043644000
-7.8572000000 0.0045983000
-7.8329000000 0.0048479000
-7.8087000000 0.0051151000
-7.7844000000 0.0054013000
-7.7602000000 0.0057072000
-7.7359000000 0.0060329000
-7.7117000000 0.0063779000
-7.6874000000 0.0067417000
-7.6632000000 0.0071244000
-7.6389000000 0.0075270000
-7.6147000000 0.0079515000
-7.5904000000 0.0084003000
-7.5662000000 0.0088756000
-7.5419000000 0.0093785000
-7.5177000000 0.0099088000
-7.4934000000 0.0104650000
-7.4692000000 0.0110450000
-7.4449000000 0.0116490000
-7.4207000000 0.0122750000
-7.3964000000 0.0129270000
-7.3722000000 0.0136080000
-7.3479000000 0.0143200000
-7.3237000000 0.0150650000
-7.2994000000 0.0158440000
-7.2752000000 0.0166530000
-7.2509000000 0.0174890000
-7.2267000000 0.0183480000
-7.2024000000 0.0192270000
-7.0569000000 0.0251160000
-7.0327000000 0.0262030000
-7.0084000000 0.0273060000
-6.9842000000 0.0284230000
-6.9599000000 0.0295520000
-6.9357000000 0.0306980000
-6.9114000000 0.0318700000
-6.8872000000 0.0330710000
-6.8629000000 0.0343040000
-6.8387000000 0.0355620000
-6.8144000000 0.0368370000
-6.7902000000 0.0381160000
-6.7659000000 0.0393910000
-6.7417000000 0.0406590000
-6.7174000000 0.0419270000
-6.6932000000 0.0432020000
-6.6689000000 0.0444960000
-6.6447000000 0.0458100000
-6.6204000000 0.0471410000
-6.5962000000 0.0484750000
-6.5719000000 0.0497970000
-6.5477000000 0.0510910000
-6.5234000000 0.0523540000
-6.4992000000 0.0535880000
-6.4749000000 0.0548060000
-6.4507000000 0.0560220000
-6.4264000000 0.0572440000
-6.4022000000 0.0584700000
-6.3779000000 0.0596840000
-6.3537000000 0.0608670000
-6.3294000000 0.0619990000
-6.3052000000 0.0630690000
-6.2809000000 0.0640800000
-6.2567000000 0.0650460000
-6.2324000000 0.0659860000
-6.2082000000 0.0669150000
-6.1839000000 0.0678320000
-6.1596000000 0.0687260000
-6.1354000000 0.0695730000
-6.1111000000 0.0703470000
-6.0869000000 0.0710320000
-6.0626000000 0.0716290000
-6.0384000000 0.0721530000
-6.0141000000 0.0726280000
-5.9899000000 0.0730740000
-5.9656000000 0.0734970000
-5.9414000000 0.0738890000
-5.9171000000 0.0742230000
-5.8929000000 0.0744730000
-5.8686000000 0.0746170000
-5.8444000000 0.0746510000
-5.8201000000 0.0745910000
-5.7959000000 0.0744640000
-5.7716000000 0.0742950000
-5.7474000000 0.0740990000
-5.7231000000 0.0738690000
-5.6989000000 0.0735830000
-5.6746000000 0.0732120000
-5.6504000000 0.0727310000
-5.6261000000 0.0721350000
-5.6019000000 0.0714350000
-5.5776000000 0.0706620000
-5.5534000000 0.0698440000
-5.5291000000 0.0690000000
-5.5049000000 0.0681300000
-5.4806000000 0.0672160000
-5.4564000000 0.0662300000
-5.4321000000 0.0651490000
-5.4079000000 0.0639620000
-5.3836000000 0.0626820000
-5.3594000000 0.0613350000
-5.3351000000 0.0599520000
-5.3109000000 0.0585560000
-5.2866000000 0.0571510000
-5.2624000000 0.0557230000
-5.2381000000 0.0542500000
-5.2139000000 0.0527100000
-5.1896000000 0.0510940000
-5.1654000000 0.0494120000
-5.1411000000 0.0476880000
-5.1169000000 0.0459490000
-5.0926000000 0.0442170000
-5.0684000000 0.0425010000
-5.0441000000 0.0407920000
-5.0199000000 0.0390730000
-4.9956000000 0.0373270000
-4.9714000000 0.0355490000
-4.9471000000 0.0337460000
-4.9229000000 0.0319370000
-4.8986000000 0.0301450000
-4.8744000000 0.0283880000
-4.8501000000 0.0266730000
-4.8259000000 0.0249980000
-4.8016000000 0.0233500000
-4.7774000000 0.0217200000
-4.7531000000 0.0201070000
-4.7289000000 0.0185140000
-4.7046000000 0.0169580000
-4.6804000000 0.0154520000
-4.6561000000 0.0140090000
-4.6319000000 0.0126320000
-4.6076000000 0.0113220000
-4.5834000000 0.0100730000
-4.5591000000 0.0088805000
-4.5349000000 0.0077458000
-4.5106000000 0.0066735000
-4.4864000000 0.0056710000
-4.4621000000 0.0047457000
-4.4379000000 0.0039021000
-4.4136000000 0.0031417000
-4.3894000000 0.0024637000
-4.3651000000 0.0018670000
-4.3409000000 0.0013516000
-4.3166000000 0.0009187200
-4.2924000000 0.0005704400
-4.2681000000 0.0003084300
-4.2439000000 0.0001333200
-4.2196000000 0.0000448330
-4.1954000000 0.0000423880
-4.1711000000 0.0001255800
-4.1469000000 0.0002941700
-4.1226000000 0.0005474400
-4.0983000000 0.0008837000
-4.0741000000 0.0013003000
-4.0498000000 0.0017944000
-4.0256000000 0.0023643000
-4.0013000000 0.0030101000
-3.9771000000 0.0037326000
-3.9528000000 0.0045319000
-3.9286000000 0.0054046000
-3.9043000000 0.0063434000
-3.8801000000 0.0073382000
-3.8558000000 0.0083801000
-3.8316000000 0.0094656000
-3.8073000000 0.0105980000
-3.7831000000 0.0117850000
-3.7588000000 0.0130340000
-3.7346000000 0.0143430000
-3.7103000000 0.0157000000
-3.6861000000 0.0170840000
-3.6618000000 0.0184700000
-3.6376000000 0.0198450000
-3.6133000000 0.0212130000
-3.5891000000 0.0225920000
-3.5648000000 0.0240060000
-3.5406000000 0.0254680000
-3.5163000000 0.0269730000
-3.4921000000 0.0284870000
-3.4678000000 0.0299660000
-3.4436000000 0.0313720000
-3.4193000000 0.0326950000
-3.3951000000 0.0339600000
-3.3708000000 0.0352120000
-3.3466000000 0.0364950000
-3.3223000000 0.0378250000
-3.2981000000 0.0391710000
-3.2738000000 0.0404710000
-3.2496000000 0.0416510000
-3.2253000000 0.0426690000
-3.2011000000 0.0435400000
-3.1768000000 0.0443300000
-3.1526000000 0.0451200000
-3.1283000000 0.0459650000
-3.1041000000 0.0468670000
-3.0798000000 0.0477440000
-3.0556000000 0.0484680000
-3.0313000000 0.0489540000
-3.0071000000 0.0492040000
-2.9828000000 0.0493110000
-2.9586000000 0.0494050000
-2.9343000000 0.0495790000
-2.9101000000 0.0498360000
-2.8858000000 0.0500830000
-2.8616000000 0.0501730000
-2.8373000000 0.0499910000
-2.8131000000 0.0495270000
-2.7888000000 0.0488860000
-2.7646000000 0.0482260000
-2.7403000000 0.0476680000
-2.7161000000 0.0472250000
-2.6918000000 0.0467930000
-2.6676000000 0.0462050000
-2.6433000000 0.0453280000
-2.6191000000 0.0441530000
-2.5948000000 0.0428120000
-2.5706000000 0.0415010000
-2.5463000000 0.0403680000
-2.5221000000 0.0394300000
-2.4978000000 0.0385480000
-2.4736000000 0.0374780000
-2.4493000000 0.0360190000
-2.4251000000 0.0341820000
-2.4008000000 0.0322380000
-2.3766000000 0.0305580000
-2.3523000000 0.0293440000
-2.3281000000 0.0284360000
-2.3038000000 0.0273330000
-2.2796000000 0.0256190000
-2.2553000000 0.0235400000
-2.2311000000 0.0219230000
-2.2068000000 0.0212920000
-2.1826000000 0.0206470000
-2.1583000000 0.0132400000
-2.1341000000 0.0164660000
-2.1098000000 0.0191960000
-2.0856000000 0.0070161000
-2.0613000000 0.0202670000
-2.0370000000 0.0174550000
-2.0128000000 0.0055719000
-1.9885000000 0.0017788000
-1.9643000000 0.0035770000
-1.9400000000 0.0104200000
-1.9158000000 0.0114360000
-1.8915000000 0.0049137000
-1.8673000000 0.0042309000
-1.8430000000 0.0077849000
-1.8188000000 0.0101300000
-1.7945000000 0.0084869000
-1.7703000000 0.0049652000
-1.7460000000 0.0023660000
-1.7218000000 0.0009651300
-1.6975000000 0.0003534100
-1.6733000000 0.0001996700
-1.6490000000 0.0001952300
-1.6248000000 0.0001671600
-1.6005000000 0.0001588900
-1.5763000000 0.0001653200
-1.5520000000 0.0001781500
-1.5278000000 0.0001980000
-1.5035000000 0.0002272000
-1.4793000000 0.0002704700
-1.4550000000 0.0003369900
-1.4308000000 0.0004454900
-1.4065000000 0.0006383800
-1.3823000000 0.0010281000
-1.3580000000 0.0020021000
-1.3338000000 0.0057712000
-1.3095000000 0.0989250000
-1.2853000000 0.4425700000
-1.2610000000 0.4301900000
-1.2368000000 0.0559840000
-1.2125000000 0.0389160000
-1.1883000000 0.0414430000
-1.1640000000 0.0458880000
-1.1398000000 0.0148310000
-1.1155000000 0.0158040000
-1.0913000000 0.0172610000
-1.0670000000 0.0246250000
-1.0428000000 0.0054071000
-1.0185000000 0.0045670000
-0.9942700000 0.0049822000
-0.9700200000 0.0046963000
-0.9457700000 0.0033942000
-0.9215200000 0.0022899000
-0.8972700000 0.0018719000
-0.8730200000 0.0025187000
-0.8487700000 0.0792650000
-0.8245200000 0.0018209000
-0.8002700000 0.0011201000
-0.7760200000 0.0118980000
-0.7517700000 0.0009717500
-0.7275200000 0.0011356000
-0.7032700000 0.0010886000
-0.6790200000 0.0007459100
-0.6547700000 0.0008164100
-0.6305200000 0.0006891800
-0.6062600000 0.0004971300
-0.5820100000 0.0022158000
-0.5577600000 0.0003876300
-0.5335100000 0.0004749700
-0.5092600000 0.0005654200
-0.4850100000 0.0002970200
-0.4607600000 0.0002935300
-0.4365100000 0.0116800000
-0.4122600000 0.0002479200
-0.3880100000 0.0002053600
-0.3637600000 0.0001893400
-0.3395100000 0.0002000400
-0.3152600000 0.0023576000
-0.2910100000 0.0001553900
-0.2667600000 0.0001231700
-0.2425100000 0.0001060800
-0.2182600000 0.0000919740
-0.1940000000 0.0000792890
-0.1697500000 0.0000676620
-0.1455000000 0.0000569390
-0.1212500000 0.0000470130
-0.0970020000 0.0000378450
-0.0727520000 0.0000295230
-0.0485010000 0.0000222760
-0.0242510000 0.0000164550
0.0000000000 0.0000126540
0.0242510000 0.0000126190
0.0485010000 0.0000281710
0.0727520000 0.0019982000
0.0970020000 0.0000343990
0.1212500000 0.0000155550
0.1455000000 0.0000197470
0.1697500000 0.0000415280
0.1940000000 0.0065537000
0.2182600000 0.0000719720
0.2425100000 0.0000798840
0.2667600000 0.0002636700
0.2910100000 0.0002264600
0.3152600000 0.0001808300
0.3395100000 0.0017654000
0.3637600000 0.0003254000
0.3880100000 0.0005565600
0.4122600000 0.0007593800
0.4365100000 0.0007425500
0.4607600000 0.0012867000
0.4850100000 0.0014731000
0.5092600000 0.0013417000
0.5335100000 0.0210380000
0.5577600000 0.0018748000
0.5820100000 0.0035314000
0.6062600000 0.1827400000
0.6305200000 0.0058898000
0.6547700000 0.0046279000
0.6790200000 0.0062468000
0.7032700000 0.0102930000
0.7275200000 0.0156450000
0.7517700000 0.0179840000
0.7760200000 0.0177340000
0.8002700000 0.0227960000
0.8245200000 0.1156700000
0.8487700000 0.0875790000
0.8730200000 0.0862140000
0.8972700000 0.0875020000
0.9215200000 0.2964700000
0.9457700000 0.2885500000
0.9700200000 0.2905100000
0.9942700000 0.4304600000
1.0185000000 3.6689000000
1.0428000000 3.8505000000
1.0670000000 0.9166200000
1.0913000000 0.0609400000
1.1155000000 0.0240720000
1.1398000000 0.0140720000
1.1640000000 0.0099450000
1.1883000000 0.0079007000
1.2125000000 0.0068075000
1.2368000000 0.0062292000
1.2610000000 0.0059720000
1.2853000000 0.0059459000
1.3095000000 0.0061159000
1.3338000000 0.0064854000
1.3580000000 0.0071083000
1.3823000000 0.0085950000
1.4065000000 0.0112420000
1.4308000000 0.0128220000
1.4550000000 0.0199460000
1.4793000000 0.0554220000
1.5035000000 0.1499300000
1.5278000000 0.3452300000
1.5520000000 0.6462200000
1.5763000000 0.8506300000
1.6005000000 0.7224100000
1.6248000000 0.4085100000
1.6490000000 0.2771300000
1.6733000000 0.5421100000
1.6975000000 0.5867500000
1.7218000000 0.2231500000
1.7460000000 0.0729220000
1.7703000000 0.1359300000
1.7945000000 0.4584400000
1.8188000000 0.6568000000
1.8430000000 0.1984300000
1.8673000000 0.3516400000
1.8915000000 0.3892200000
1.9158000000 0.2177400000
1.9400000000 0.3309500000
1.9643000000 0.3215200000
1.9885000000 0.3030400000
2.0128000000 0.2962100000
2.0370000000 0.2958400000
2.0613000000 0.2921800000
2.0856000000 0.2822500000
2.1098000000 0.2703800000
2.1341000000 0.2614800000
2.1583000000 0.2568500000
2.1826000000 0.2544500000
2.2068000000 0.2512600000
2.2311000000 0.2454700000
2.2553000000 0.2373600000
2.2796000000 0.2285000000
2.3038000000 0.2204300000
2.3281000000 0.2138200000
2.3523000000 0.2084100000
2.3766000000 0.2033700000
2.4008000000 0.1978300000
2.4251000000 0.1913200000
2.4493000000 0.1840200000
2.4736000000 0.1765300000
2.4978000000 0.1695000000
2.5221000000 0.1632400000
2.5463000000 0.1576500000
2.5706000000 0.1523100000
2.5948000000 0.1467400000
2.6191000000 0.1406800000
2.6433000000 0.1342300000
2.6676000000 0.1277300000
2.6918000000 0.1215700000
2.7161000000 0.1159300000
2.7403000000 0.1108000000
2.7646000000 0.1059300000
2.7888000000 0.1010300000
2.8131000000 0.0959430000
2.8373000000 0.0906750000
2.8616000000 0.0854180000
2.8858000000 0.0804050000
2.9101000000 0.0757670000
2.9343000000 0.0714760000
2.9586000000 0.0674260000
2.9828000000 0.0634780000
3.0071000000 0.0595370000
3.0313000000 0.0555890000
3.0556000000 0.0517010000
3.0798000000 0.0479680000
3.1041000000 0.0444650000
3.1283000000 0.0412120000
3.1526000000 0.0381770000
3.1768000000 0.0353000000
3.2011000000 0.0325240000
3.2253000000 0.0298210000
3.2496000000 0.0272030000
3.2738000000 0.0247040000
3.2981000000 0.0223590000
3.3223000000 0.0201870000
3.3466000000 0.0181850000
3.3708000000 0.0163300000
3.3951000000 0.0145970000
3.4193000000 0.0129670000
3.4436000000 0.0114320000
3.4678000000 0.0099987000
3.4921000000 0.0086775000
3.5163000000 0.0074755000
3.5406000000 0.0063926000
3.5648000000 0.0054219000
3.5891000000 0.0045530000
3.6133000000 0.0037763000
3.6376000000 0.0030855000
3.6618000000 0.0024777000
3.6861000000 0.0019520000
3.7103000000 0.0015075000
3.7346000000 0.0011415000
3.7588000000 0.0008499000
3.7831000000 0.0006276600
3.8073000000 0.0004700200
3.8316000000 0.0003727400
3.8558000000 0.0003320500
3.8801000000 0.0003442900
3.9043000000 0.0004056600
3.9286000000 0.0005124100
3.9528000000 0.0006610600
3.9771000000 0.0008485900
4.0013000000 0.0010722000
4.0256000000 0.0013287000
4.0498000000 0.0016143000
4.0741000000 0.0019243000
4.0983000000 0.0022541000
4.1226000000 0.0025998000
4.1469000000 0.0029594000
4.1711000000 0.0033317000
4.1954000000 0.0037167000
4.2196000000 0.0041131000
4.2439000000 0.0045179000
4.2681000000 0.0049264000
4.2924000000 0.0053327000
4.3166000000 0.0057318000
4.3409000000 0.0061214000
4.3651000000 0.0065018000
4.3894000000 0.0068754000
4.4136000000 0.0072446000
4.4379000000 0.0076097000
4.4621000000 0.0079681000
4.4864000000 0.0083141000
4.5106000000 0.0086417000
4.5349000000 0.0089460000
4.5591000000 0.0092259000
4.5834000000 0.0094842000
4.6076000000 0.0097255000
4.6319000000 0.0099544000
4.6561000000 0.0101730000
4.6804000000 0.0103780000
4.7046000000 0.0105650000
4.7289000000 0.0107280000
4.7531000000 0.0108630000
4.7774000000 0.0109700000
4.8016000000 0.0110510000
4.8259000000 0.0111140000
4.8501000000 0.0111630000
4.8744000000 0.0112020000
4.8986000000 0.0112290000
4.9229000000 0.0112400000
4.9471000000 0.0112290000
4.9714000000 0.0111940000
4.9956000000 0.0111340000
5.0199000000 0.0110530000
5.0441000000 0.0109560000
5.0684000000 0.0108500000
5.0926000000 0.0107370000
5.1169000000 0.0106170000
5.1411000000 0.0104870000
5.1654000000 0.0103430000
5.1896000000 0.0101830000
5.2139000000 0.0100050000
5.2381000000 0.0098133000
5.2624000000 0.0096120000
5.2866000000 0.0094062000
5.3109000000 0.0091990000
5.3351000000 0.0089908000
5.3594000000 0.0087799000
5.3836000000 0.0085631000
5.4079000000 0.0083381000
5.4321000000 0.0081044000
5.4564000000 0.0078640000
5.4806000000 0.0076202000
5.5049000000 0.0073769000
5.5291000000 0.0071366000
5.5534000000 0.0069001000
5.5776000000 0.0066663000
5.6019000000 0.0064332000
5.6261000000 0.0061991000
5.6504000000 0.0059631000
5.6746000000 0.0057265000
5.6989000000 0.0054911000
5.7231000000 0.0052597000
5.7474000000 0.0050339000
5.7716000000 0.0048147000
5.7959000000 0.0046013000
5.8201000000 0.0043926000
5.8444000000 0.0041873000
5.8686000000 0.0039846000
5.8929000000 0.0037849000
5.9171000000 0.0035893000
5.9414000000 0.0033992000
5.9656000000 0.0032157000
5.9899000000 0.0030393000
6.0141000000 0.0028698000
6.0384000000 0.0027064000
6.0626000000 0.0025483000
6.0869000000 0.0023948000
6.1111000000 0.0022458000
6.1354000000 0.0021018000
6.1596000000 0.0019633000
6.1839000000 0.0018311000
6.2082000000 0.0017053000
6.2324000000 0.0015858000
6.2567000000 0.0014721000
6.2809000000 0.0013635000
6.3052000000 0.0012598000
6.3294000000 0.0011607000
6.3537000000 0.0010662000
6.3779000000 0.0009764700
6.4022000000 0.0008917900
6.4264000000 0.0008121800
6.4507000000 0.0007374900
6.4749000000 0.0006674500
6.4992000000 0.0006017300
6.5234000000 0.0005400200
6.5477000000 0.0004821400
6.5719000000 0.0004280000
6.5962000000 0.0003776200
6.6204000000 0.0003309700
6.6447000000 0.0002880000
6.6689000000 0.0002486100
6.6932000000 0.0002126300
6.7174000000 0.0001798700
6.7417000000 0.0001501700
6.7659000000 0.0001234300
6.7902000000 0.0000995410
6.8144000000 0.0000784600
6.8387000000 0.0000601230
6.8629000000 0.0000444580
6.8872000000 0.0000313820
6.9114000000 0.0000208070
6.9357000000 0.0000126540
6.9599000000 0.0000068543
6.9842000000 0.0000033510
7.0084000000 0.0000020945
7.0327000000 0.0000030365
7.0569000000 0.0000061293
7.0812000000 0.0000113300
7.1054000000 0.0000186020
7.1297000000 0.0000279230
7.1539000000 0.0000392700
7.1782000000 0.0000526240
7.2024000000 0.0000679540
7.2267000000 0.0000852240
7.2509000000 0.0001044000
7.2752000000 0.0001254600
7.2994000000 0.0001484000
7.3237000000 0.0001732600
7.3479000000 0.0002000700
7.3722000000 0.0002288500
7.3964000000 0.0002595900
7.4207000000 0.0002922600
7.4449000000 0.0003267900
7.4692000000 0.0003631400
7.4934000000 0.0004012700
7.5177000000 0.0004412400
7.5419000000 0.0004831500
7.5662000000 0.0005271000
7.5904000000 0.0005731700
7.6147000000 0.0006213700
7.6389000000 0.0006716200
7.6632000000 0.0007238100
7.6874000000 0.0007778100
7.7117000000 0.0008335700
7.7359000000 0.0008911700
7.7602000000 0.0009507500
7.7844000000 0.0010125000
7.8087000000 0.0010767000
7.8329000000 0.0011433000
7.8572000000 0.0012122000
7.8814000000 0.0012832000
7.9057000000 0.0013561000
7.9299000000 0.0014308000
7.9542000000 0.0015073000
7.9784000000 0.0015858000
8.0027000000 0.0016666000
8.0269000000 0.0017502000
8.0512000000 0.0018364000
8.0754000000 0.0019255000
8.0997000000 0.0020169000
8.1239000000 0.0021104000
8.1482000000 0.0022057000
8.1724000000 0.0023028000
8.1967000000 0.0024019000
8.2209000000 0.0025034000
8.2452000000 0.0026078000
8.2695000000 0.0027154000
8.2937000000 0.0028261000
8.3180000000 0.0029397000
8.3422000000 0.0030557000
8.3665000000 0.0031736000
8.3907000000 0.0032931000
8.4150000000 0.0034145000
8.4392000000 0.0035382000
8.4635000000 0.0036649000
8.4877000000 0.0037950000
8.5120000000 0.0039287000
8.5362000000 0.0040657000
8.5605000000 0.0042054000
8.5847000000 0.0043470000
8.6090000000 0.0044901000
8.6332000000 0.0046346000
8.6575000000 0.0047810000
8.6817000000 0.0049300000
8.7060000000 0.0050824000
8.7302000000 0.0052385000
8.7545000000 0.0053981000
8.7787000000 0.0055606000
8.8030000000 0.0057248000
8.8272000000 0.0058901000
8.8515000000 0.0060559000
8.8757000000 0.0062227000
8.9000000000 0.0063911000
8.9242000000 0.0065621000
8.9485000000 0.0067364000
8.9727000000 0.0069140000
8.9970000000 0.0070940000
9.0212000000 0.0072754000
9.0455000000 0.0074568000
9.0697000000 0.0076376000
9.0940000000 0.0078175000
9.1182000000 0.0079974000
9.1425000000 0.0081782000
9.1667000000 0.0083610000
9.1910000000 0.0085459000
9.2152000000 0.0087325000
9.2395000000 0.0089194000
9.2637000000 0.0091049000
9.2880000000 0.0092879000
9.3122000000 0.0094678000
9.3365000000 0.0096450000
9.3607000000 0.0098207000
9.3850000000 0.0099959000
9.4092000000 0.0101710000
9.4335000000 0.0103470000
9.4577000000 0.0105210000
9.4820000000 0.0106930000
9.5062000000 0.0108590000
9.5305000000 0.0110200000
9.5547000000 0.0111750000
9.5790000000 0.0113250000
9.6032000000 0.0114720000
9.6275000000 0.0116160000
9.6517000000 0.0117580000
9.6760000000 0.0118970000
9.7002000000 0.0120320000
9.7245000000 0.0121590000
9.7487000000 0.0122780000
9.7730000000 0.0123880000
9.7972000000 0.0124900000
9.8215000000 0.0125850000
9.8457000000 0.0126750000
9.8700000000 0.0127600000
9.8942000000 0.0128410000
9.9185000000 0.0129140000
9.9427000000 0.0129800000
9.9670000000 0.0130350000
9.9912000000 0.0130790000
10.0150000000 0.0131120000
10.0400000000 0.0131360000
10.0640000000 0.0131510000
10.0880000000 0.0131600000
10.1120000000 0.0131630000
10.1370000000 0.0131590000
10.1610000000 0.0131450000
10.1850000000 0.0131200000
10.2090000000 0.0130830000
10.2340000000 0.0130350000
10.2580000000 0.0129740000
10.2820000000 0.0129050000
10.3070000000 0.0128280000
10.3310000000 0.0127440000
10.3550000000 0.0126530000
10.3790000000 0.0125530000
10.4040000000 0.0124440000
10.4280000000 0.0123230000
10.4520000000 0.0121900000
10.4760000000 0.0120470000
10.5010000000 0.0118950000
10.5250000000 0.0117350000
10.5490000000 0.0115690000
10.5730000000 0.0113970000
10.5980000000 0.0112190000
10.6220000000 0.0110330000
10.6460000000 0.0108390000
10.6700000000 0.0106360000
10.6950000000 0.0104240000
10.7190000000 0.0102040000
10.7430000000 0.0099796000
10.7670000000 0.0097508000
10.7920000000 0.0095186000
10.8160000000 0.0092833000
10.8400000000 0.0090441000
10.8640000000 0.0088004000
10.8890000000 0.0085516000
10.9130000000 0.0082980000
10.9370000000 0.0080406000
10.9610000000 0.0077808000
10.9860000000 0.0075199000
11.0100000000 0.0072592000
11.0340000000 0.0069989000
11.0580000000 0.0067390000
11.0830000000 0.0064790000
11.1070000000 0.0062186000
11.1310000000 0.0059580000
11.1550000000 0.0056978000
11.1800000000 0.0054389000
11.2040000000 0.0051826000
11.2280000000 0.0049298000
11.2520000000 0.0046811000
11.2770000000 0.0044365000
11.3010000000 0.0041960000
11.3250000000 0.0039595000
11.3490000000 0.0037269000
11.3740000000 0.0034987000
11.3980000000 0.0032754000
11.4220000000 0.0030578000
11.4460000000 0.0028465000
11.4710000000 0.0026421000
11.4950000000 0.0024446000
11.5190000000 0.0022542000
11.5430000000 0.0020707000
11.5680000000 0.0018942000
11.5920000000 0.0017248000
11.6160000000 0.0015627000
11.6400000000 0.0014084000
11.6650000000 0.0012621000
11.6890000000 0.0011240000
11.7130000000 0.0009942100
11.7370000000 0.0008727100
11.7620000000 0.0007594200
11.7860000000 0.0006542700
11.8100000000 0.0005572200
11.8340000000 0.0004682800
11.8590000000 0.0003874800
11.8830000000 0.0003148100
11.9070000000 0.0002502200
11.9310000000 0.0001936000
11.9560000000 0.0001448000
11.9800000000 0.0001036600
12.0040000000 0.0000699900
12.0280000000 0.0000436270
12.0530000000 0.0000243860
12.0770000000 0.0000120680
12.1010000000 0.0000064538
12.1250000000 0.0000073035
12.1500000000 0.0000143640
12.1740000000 0.0000273750
12.1980000000 0.0000460700
12.2220000000 0.0000701710
12.2470000000 0.0000993840
12.2710000000 0.0001333900
12.2950000000 0.0001718700
12.3190000000 0.0002144900
12.3440000000 0.0002609400
12.3680000000 0.0003109300
12.3920000000 0.0003641600
12.4160000000 0.0004203400
12.4410000000 0.0004791400
12.4650000000 0.0005402000
12.4890000000 0.0006031200
12.5130000000 0.0006675300
12.5380000000 0.0007330600
12.5620000000 0.0007994300
12.5860000000 0.0008664100
12.6100000000 0.0009337900
12.6350000000 0.0010013000
12.6590000000 0.0010688000
12.6830000000 0.0011357000
12.7070000000 0.0012019000
12.7320000000 0.0012667000
12.7560000000 0.0013300000
12.7800000000 0.0013915000
12.8040000000 0.0014511000
12.8290000000 0.0015087000
12.8530000000 0.0015643000
12.8770000000 0.0016178000
12.9010000000 0.0016688000
12.9260000000 0.0017170000
12.9500000000 0.0017622000
12.9740000000 0.0018040000
12.9980000000 0.0018424000
13.0230000000 0.0018773000
13.0470000000 0.0019088000
13.0710000000 0.0019371000
13.0950000000 0.0019622000
13.1200000000 0.0019841000
13.1440000000 0.0020024000
13.1680000000 0.0020171000
13.1920000000 0.0020278000
13.2170000000 0.0020346000
13.2410000000 0.0020375000
13.2650000000 0.0020369000
13.2890000000 0.0020328000
13.3140000000 0.0020257000
13.3380000000 0.0020155000
13.3620000000 0.0020022000
13.3860000000 0.0019857000
13.4110000000 0.0019659000
13.4350000000 0.0019428000
13.4590000000 0.0019166000
13.4830000000 0.0018874000
13.5080000000 0.0018557000
13.5320000000 0.0018218000
13.5560000000 0.0017859000
13.5800000000 0.0017481000
13.6050000000 0.0017083000
13.6290000000 0.0016666000
13.6530000000 0.0016230000
13.6770000000 0.0015776000
13.7020000000 0.0015307000
13.7260000000 0.0014826000
13.7500000000 0.0014336000
13.7740000000 0.0013840000
13.7990000000 0.0013339000
13.8230000000 0.0012834000
13.8470000000 0.0012326000
13.8710000000 0.0011814000
13.8960000000 0.0011300000
13.9200000000 0.0010786000
13.9440000000 0.0010273000
13.9680000000 0.0009765400
13.9930000000 0.0009264400
14.0170000000 0.0008771600
14.0410000000 0.0008288000
14.0650000000 0.0007813900
14.0900000000 0.0007349600
14.1140000000 0.0006895500
14.1380000000 0.0006452700
14.1620000000 0.0006022600
14.1870000000 0.0005606600
14.2110000000 0.0005206000
14.2350000000 0.0004821700
14.2590000000 0.0004454300
14.2840000000 0.0004103900
14.3080000000 0.0003770400
14.3320000000 0.0003453800
14.3560000000 0.0003154500
14.3810000000 0.0002872600
14.4050000000 0.0002608700
14.4290000000 0.0002363100
14.4530000000 0.0002135900
14.4780000000 0.0001927200
14.5020000000 0.0001736500
14.5260000000 0.0001563600
14.5500000000 0.0001407900
14.5750000000 0.0001269100
14.5990000000 0.0001146900
14.6230000000 0.0001040900
14.6470000000 0.0000950660
14.6720000000 0.0000875860
14.6960000000 0.0000815930
14.7200000000 0.0000770270
14.7440000000 0.0000738200
14.7690000000 0.0000718980
14.7930000000 0.0000711890
14.8170000000 0.0000716190
14.8410000000 0.0000731160
14.8660000000 0.0000756100
14.8900000000 0.0000790340
14.9140000000 0.0000833220
14.9380000000 0.0000884020
14.9630000000 0.0000942030
