-15.0110000000 0.0000790340
-14.9140000000 0.0000711890
-14.8170000000 0.0000815930
-14.7200000000 0.0001146900
-14.6230000000 0.0001736500
-14.5260000000 0.0002608700
-14.4290000000 0.0003770400
-14.3320000000 0.0005206000
-14.2350000000 0.0006895500
-14.1380000000 0.0008771600
-14.0410000000 0.0010786000
-13.9440000000 0.0012834000
-13.8470000000 0.0014826000
-13.7500000000 0.0016666000
-13.6530000000 0.0018218000
-13.5560000000 0.0019428000
-13.4590000000 0.0020155000
-13.3620000000 0.0020375000
-13.2650000000 0.0020024000
-13.1680000000 0.0019088000
-13.0710000000 0.0017622000
-12.9740000000 0.0015643000
-12.8770000000 0.0013300000
-12.7800000000 0.0010688000
-12.6830000000 0.0007994300
-12.5860000000 0.0005402000
-12.4890000000 0.0003109300
-12.3920000000 0.0001333900
-12.2950000000 0.0000273750
-12.1980000000 0.0000120680
-12.1010000000 0.0001036600
-12.0040000000 0.0003148100
-11.9070000000 0.0006542700
-11.8100000000 0.0011240000
-11.7130000000 0.0017248000
-11.6160000000 0.0024446000
-11.5190000000 0.0032754000
-11.4220000000 0.0041960000
-11.3250000000 0.0051826000
-11.2280000000 0.0062186000
-11.1310000000 0.0072592000
-11.0340000000 0.0082980000
-10.9370000000 0.0092833000
-10.8400000000 0.0102040000
-10.7430000000 0.0110330000
-10.6460000000 0.0117350000
-10.5490000000 0.0123230000
-10.4520000000 0.0127440000
-10.3550000000 0.0130350000
-10.2580000000 0.0131590000
-10.1610000000 0.0131360000
-10.0640000000 0.0129800000
-9.9670000000 0.0126750000
-9.8700000000 0.0122780000
-9.7730000000 0.0117580000
-9.6760000000 0.0111750000
-9.5790000000 0.0105210000
-9.4820000000 0.0098207000
-9.3850000000 0.0091049000
-9.2880000000 0.0083610000
-9.1910000000 0.0076376000
-9.0940000000 0.0069140000
-8.9970000000 0.0062227000
-8.9000000000 0.0055606000
-8.8030000000 0.0049300000
-8.7060000000 0.0043470000
-8.6090000000 0.0037950000
-8.5120000000 0.0032931000
-8.4150000000 0.0028261000
-8.3180000000 0.0024019000
-8.2209000000 0.0020169000
-8.1239000000 0.0016666000
-8.0269000000 0.0013561000
-7.9299000000 0.0010767000
-7.8329000000 0.0008335700
-7.7359000000 0.0006213700
-7.6389000000 0.0004412400
-7.5419000000 0.0002922600
-7.4449000000 0.0001732600
-7.3479000000 0.0000852240
-7.2509000000 0.0000279230
-7.0569000000 0.0000126540
-6.9599000000 0.0000601230
-6.8629000000 0.0001501700
-6.7659000000 0.0002880000
-6.6689000000 0.0004821400
-6.5719000000 0.0007374900
-6.4749000000 0.0010662000
-6.3779000000 0.0014721000
-6.2809000000 0.0019633000
-6.1839000000 0.0025483000
-6.0869000000 0.0032157000
-5.9899000000 0.0039846000
-5.8929000000 0.0048147000
-5.7959000000 0.0057265000
-5.6989000000 0.0066663000
-5.6019000000 0.0076202000
-5.5049000000 0.0085631000
-5.4079000000 0.0094062000
-5.3109000000 0.0101830000
-5.2139000000 0.0107370000
-5.1169000000 0.0111340000
-5.0199000000 0.0112290000
-4.9229000000 0.0110510000
-4.8259000000 0.0105650000
-4.7289000000 0.0097255000
-4.6319000000 0.0086417000
-4.5349000000 0.0072446000
-4.4379000000 0.0057318000
-4.3409000000 0.0041131000
-4.2439000000 0.0025998000
-4.1469000000 0.0013287000
-4.0498000000 0.0005124100
-3.9528000000 0.0003727400
-3.8558000000 0.0011415000
-3.7588000000 0.0030855000
-3.6618000000 0.0063926000
-3.5648000000 0.0114320000
-3.4678000000 0.0181850000
-3.3708000000 0.0272030000
-3.2738000000 0.0381770000
-3.1768000000 0.0517010000
-3.0798000000 0.0674260000
-2.9828000000 0.0854180000
-2.8858000000 0.1059300000
-2.7888000000 0.1277300000
-2.6918000000 0.1523100000
-2.5948000000 0.1765300000
-2.4978000000 0.2033700000
-2.4008000000 0.2285000000
-2.3038000000 0.2544500000
-2.2068000000 0.2822500000
-2.1098000000 0.3030400000
-2.0128000000 0.3892200000
-1.9158000000 0.4584400000
-1.8188000000 0.5867500000
-1.7218000000 0.7224100000
-1.6248000000 0.1499300000
-1.5278000000 0.0112420000
-1.4308000000 0.0061159000
-1.3338000000 0.0068075000
-1.2368000000 0.0240720000
-1.1398000000 3.6689000000
-1.0428000000 0.2964700000
-0.9457700000 0.1156700000
-0.8487700000 0.0156450000
-0.7517700000 0.0058898000
-0.6547700000 0.0210380000
-0.5577600000 0.0007425500
-0.4607600000 0.0017654000
-0.3637600000 0.0000798840
-0.2667600000 0.0000197470
-0.1697500000 0.0000281710
-0.0727520000 0.0000222760
0.0242510000 0.0000569390
0.1212500000 0.0001060800
0.2182600000 0.0002000400
0.3152600000 0.0116800000
0.4122600000 0.0004749700
0.5092600000 0.0006891800
0.6062600000 0.0011356000
0.7032700000 0.0018209000
0.8002700000 0.0022899000
0.8972700000 0.0045670000
0.9942700000 0.0158040000
1.0913000000 0.0389160000
1.1883000000 0.0989250000
1.2853000000 0.0006383800
1.3823000000 0.0002272000
1.4793000000 0.0001588900
1.5763000000 0.0003534100
1.6733000000 0.0084869000
1.7703000000 0.0049137000
1.8673000000 0.0017788000
1.9643000000 0.0070161000
2.0613000000 0.0206470000
2.1583000000 0.0256190000
2.2553000000 0.0305580000
2.3523000000 0.0374780000
2.4493000000 0.0415010000
2.5463000000 0.0462050000
2.6433000000 0.0482260000
2.7403000000 0.0501730000
2.8373000000 0.0494050000
2.9343000000 0.0484680000
3.0313000000 0.0451200000
3.1283000000 0.0416510000
3.2253000000 0.0364950000
3.3223000000 0.0313720000
3.4193000000 0.0254680000
3.5163000000 0.0198450000
3.6133000000 0.0143430000
3.7103000000 0.0094656000
3.8073000000 0.0054046000
3.9043000000 0.0023643000
4.0013000000 0.0005474400
4.0983000000 0.0000448330
4.1954000000 0.0009187200
4.2924000000 0.0031417000
4.3894000000 0.0066735000
4.4864000000 0.0113220000
4.5834000000 0.0169580000
4.6804000000 0.0233500000
4.7774000000 0.0301450000
4.8744000000 0.0373270000
4.9714000000 0.0442170000
5.0684000000 0.0510940000
5.1654000000 0.0571510000
5.2624000000 0.0626820000
5.3594000000 0.0672160000
5.4564000000 0.0706620000
5.5534000000 0.0732120000
5.6504000000 0.0742950000
5.7474000000 0.0746170000
5.8444000000 0.0734970000
5.9414000000 0.0716290000
6.0384000000 0.0687260000
6.1354000000 0.0650460000
6.2324000000 0.0608670000
6.3294000000 0.0560220000
6.4264000000 0.0510910000
6.5234000000 0.0458100000
6.6204000000 0.0406590000
6.7174000000 0.0355620000
6.8144000000 0.0306980000
6.9114000000 0.0262030000
7.0084000000 0.0220230000
7.1054000000 0.0183480000
7.2024000000 0.0150650000
7.2994000000 0.0122750000
7.3964000000 0.0099088000
7.4934000000 0.0079515000
7.5904000000 0.0063779000
7.6874000000 0.0051151000
7.7844000000 0.0041448000
7.8814000000 0.0033919000
7.9784000000 0.0028272000
8.0754000000 0.0023989000
8.1724000000 0.0020704000
8.2695000000 0.0018149000
8.3665000000 0.0016001000
8.4635000000 0.0014159000
8.5605000000 0.0012430000
8.6575000000 0.0010792000
8.7545000000 0.0009199200
8.8515000000 0.0007655100
8.9485000000 0.0006212000
9.0455000000 0.0004888200
9.1425000000 0.0003758200
9.2395000000 0.0002852800
9.3365000000 0.0002221100
9.4335000000 0.0001890000
9.5305000000 0.0001871700
9.6275000000 0.0002172900
9.7245000000 0.0002772300
9.8215000000 0.0003653300
9.9185000000 0.0004771100
10.0150000000 0.0006083700
10.1120000000 0.0007544300
10.2090000000 0.0009078800
10.3070000000 0.0010657000
10.4040000000 0.0012181000
10.5010000000 0.0013625000
10.5980000000 0.0014908000
10.6950000000 0.0015976000
10.7920000000 0.0016802000
10.8890000000 0.0017297000
10.9860000000 0.0017482000
11.0830000000 0.0017280000
11.1800000000 0.0016717000
11.2770000000 0.0015785000
11.3740000000 0.0014494000
11.4710000000 0.0012916000
11.5680000000 0.0011071000
11.6650000000 0.0009079700
11.7620000000 0.0007012500
11.8590000000 0.0004999100
11.9560000000 0.0003167600
12.0530000000 0.0001651100
12.1500000000 0.0000596910
12.2470000000 0.0000139710
12.3440000000 0.0000409610
12.4410000000 0.0001517600
12.5380000000 0.0003550100
12.6350000000 0.0006569200
12.7320000000 0.0010581000
12.8290000000 0.0015595000
12.9260000000 0.0021511000
13.0230000000 0.0028261000
13.1200000000 0.0035686000
13.2170000000 0.0043576000
13.3140000000 0.0051802000
13.4110000000 0.0059995000
13.5080000000 0.0068066000
13.6050000000 0.0075619000
13.7020000000 0.0082493000
13.7990000000 0.0088481000
13.8960000000 0.0093255000
13.9930000000 0.0096883000
14.0900000000 0.0098981000
14.1870000000 0.0099729000
14.2840000000 0.0098956000
14.3810000000 0.0096732000
14.4780000000 0.0093244000
14.5750000000 0.0088427000
14.6720000000 0.0082695000
14.7690000000 0.0076026000
14.8660000000 0.0068797000
14.9630000000 0.0061183000
